%YAML:1.0
CM1: !!opencv-matrix
   rows: 3
   cols: 3
   dt: d
   data: [ 2.8071222428054972e+02, 0., 1.6204118239645169e+02, 0.,
       2.8144684675500105e+02, 1.3570632457257375e+02, 0., 0., 1. ]
CM2: !!opencv-matrix
   rows: 3
   cols: 3
   dt: d
   data: [ 2.8071222428054972e+02, 0., 1.6216321710077324e+02, 0.,
       2.8144684675500105e+02, 1.3715271791248992e+02, 0., 0., 1. ]
D1: !!opencv-matrix
   rows: 1
   cols: 5
   dt: d
   data: [ 4.3912170963646642e-02, -3.4026194474580529e-01, 0., 0.,
       1.0858493227107209e+00 ]
D2: !!opencv-matrix
   rows: 1
   cols: 5
   dt: d
   data: [ 6.3781096727656444e-02, -3.4458985319601199e-01, 0., 0.,
       6.0711445419650456e-01 ]
R: !!opencv-matrix
   rows: 3
   cols: 3
   dt: d
   data: [ 9.9930657736914008e-01, 9.8662501669918978e-03,
       -3.5902946040918322e-02, -9.4034019963451041e-03,
       9.9987078812120100e-01, 1.3037756432128466e-02,
       3.6026940720381644e-02, -1.2691105922286939e-02,
       9.9927023140529880e-01 ]
T: !!opencv-matrix
   rows: 3
   cols: 1
   dt: d
   data: [ -2.2342737117272518e+00, -1.2004166462125211e-01,
       -1.6536278952792971e-01 ]
E: !!opencv-matrix
   rows: 3
   cols: 3
   dt: d
   data: [ -5.8797067204539137e-03, 1.6686488417200732e-01,
       -1.1779810221155339e-01, -8.4754076661864158e-02,
       -2.9986914984705928e-02, 2.2385802202500638e+00,
       1.4096819889559506e-01, -2.2328006559295930e+00,
       -3.3439765863766346e-02 ]
F: !!opencv-matrix
   rows: 3
   cols: 3
   dt: d
   data: [ 1.5734018557654606e-06, -4.4536274335397506e-05,
       1.4637682594858389e-02, 2.2620881727069291e-05,
       7.9826237276438533e-06, -1.7246806003440565e-01,
       -1.3946944253788205e-02, 1.7341354265870085e-01, 1. ]
R1: !!opencv-matrix
   rows: 3
   cols: 3
   dt: d
   data: [ 9.9730553861480753e-01, 6.2387020439710512e-02,
       3.8594330268627672e-02, -6.2659073575682261e-02,
       9.9801767473428848e-01, 5.8788958658182820e-03,
       -3.8151056956079218e-02, -8.2813403878263768e-03,
       9.9923766755187671e-01 ]
R2: !!opencv-matrix
   rows: 3
   cols: 3
   dt: d
   data: [ 9.9584386017816195e-01, 5.3504077880514943e-02,
       7.3704272573667157e-02, -5.2980001987080111e-02,
       9.9855457506540046e-01, -9.0487571194266710e-03,
       -7.4081883985942329e-02, 5.1062967122153108e-03,
       9.9723908878411904e-01 ]
P1: !!opencv-matrix
   rows: 3
   cols: 4
   dt: d
   data: [ 2.8144684675500105e+02, 0., 1.4191485023498535e+02, 0., 0.,
       2.8144684675500105e+02, 1.3521988773345947e+02, 0., 0., 0., 1.,
       0. ]
P2: !!opencv-matrix
   rows: 3
   cols: 4
   dt: d
   data: [ 2.8144684675500105e+02, 0., 1.4191485023498535e+02,
       -6.3145370082487261e+02, 0., 2.8144684675500105e+02,
       1.3521988773345947e+02, 0., 0., 0., 1., 0. ]
Q: !!opencv-matrix
   rows: 4
   cols: 4
   dt: d
   data: [ 1., 0., 0., -1.4191485023498535e+02, 0., 1., 0.,
       -1.3521988773345947e+02, 0., 0., 0., 2.8144684675500105e+02, 0.,
       0., -4.4571256196193793e-01, 0. ]
